60000028022202 
600020083202 
602000085200002 
8000000812022202 
61000008123202 
60010008125200002 
600001081212022202 
6000000912123202 
6000002802125200002 
60002008120212022202 
602000081212023202 
800000081212124200002 
6100000812121210002 
60010008121210103 
60000108121010105000002 
600000091010101012022202 
6000002600101012123202 
6000200600001212125200002 
60200006000202121212022202 
800000060202020212123202 
610000080202020202125200002 
6001000812020202020212022202 
60000108121202020202023202 
60000009121212020202024200002 
600000280212121202020200002 
6000200812021212120200002 
60200008121202121210002 
800000081212120210103 
610000081212121000105000002 
6001000812121010100012022202 
60000108121010101012023202 
60000009101010101212124200002 
600000260010101212121210002 
6000200600001212121210103 
6020000600020212121010105000002 
80000006020202021010101012022202 
610000080202020000101012123202 
600100081202000000001212125200002 
6000010812100000000202121212022202 
60000009101010000202020212123202 
60000026001010120202020202125200002 
600020060000121212020202020212022202 
6020000600020212121202020202023202 
8000000602020202121212020202024200002 
61000008020202020212121202020200002 
600100081202020202021212120200002 
6000010812120202020202121210002 
60000009121212020202020210103 
60000028021212120202020000105000002 
600020081202121212020000000012022202 
6020000812120212121000000002023202 
8000000812121202101010000202024200002 
61000008121212100010101202020200002 
600100081212101010001212120200002 
6000010812101010101202121210002 
60000009101010101212120210103 
60000026001010121212121000105000002 
600020060000121212121010100012022202 
6020000600020212121010101012023202 
8000000602020202101010101212124200002
etc. (this program does not halt)
