13 21 41 11 23                                H
6 41 6                                        Letter space
13 41 6 21 6 31 22 41                         E
6 41 6
13 23 41                                      L
6 41 6                  
13 23 41                                      L
6 42 6                  
13 31 23 41 31                                O
6 44 6                                        Word space
13 23 41 11 21 41 13 23                       W
6 41 6                
13 41 23 31                                   O
6 42 6
13 41 21 31 56 929 54 42 32 56 925 952 985 58 R
6 42 6
22 13 23 41                                   L
6 41 6
13 59 924 41 59 924 42 59 924 41              D
