5 7 9 11 13 15 17 19 -23 40 24 26 28 30 32 34 36 38 18 -42 0
47 49 51 53 -57 76 58 60 62 64 66 68 70 72 74 52 -78 -80 0
84 86 88 90 92 94 96 0 0 102 104 106 0
111 113 115 117 119 121 123 125 127 -131 -146 -132 -134 -136 -138 -140 -142 -144 -126 -148
-150 0 -154 -156 -158 -160 -162 -164 -166 -168 -170 -172 -174 -176 0
181 183 185 187 189 191 193 195 197 199 -203 214 204 206 208 210 212 198 0
219 221 223 225 227 229 231 -235 242 236 238 240 230 -244 0 248 250 252 0
-256 -258 -260 -262 -264 -266 0 -270 -272 -274 -276 -278 -280 -282 -284 0
289 291 293 295 297 299 301 303 305 -309 -324 -310 -312 -314 -316 -318 -320 -322 -304
-326 -328 0
