111111111111111111111111111111111111111111111111111111111111
11111111111111111111111111111111111111111111111111111111111111111
1111111111111111111111111111111111111111111111111111
111111111111111111111111111111111111111010111111111111111111111111111
111111111111111111111111111111111111111111111111
1111111111110101111111111111111111110100101111111110101011011011011011011
01101101101101101101101101101101101101101101
10110110110110110110110110110110110110110110110110110110110110110110110110110
1101101101101101101101101101101101101101
101101101101101101101010101101101101101101101101101101101101010111111111111111111
111111111111111111111111111111111111
1111111111111111111111111111111111111111111111111111111111111111111111111111111111111
111111111111111111111111110101111
1111111111111111111111111111111111111111111111111111111111111111111101011111111101010110
11011011011010101011011011011
01101101101010101101101101101101101101101101101101101101101101101101101101101101101101101101
101101101101101101101101
1011011011011011011011011011011011011011011011011011011011011011011011011011011011011011011011011
01010
